Time	DeviceName	AccX(g)	AccY(g)	AccZ(g)	GyroX(°/s)	GyroY(°/s)	GyroZ(°/s)	AngleX(°)	AngleY(°)	AngleZ(°)	MagX(μt)	MagY(μt)	MagZ(μt)	Temp(℃)	Q0()	Q1()	Q2()	Q3()	Version number()	
13:23:48.157	WT901BLE67(C1:7D:B8:9B:C4:D7)	0.053	0.042	-0.996	11.353	8.301	-1.892	177.446	-0.786	96.735	21.707	0.227	36.787	23.860	-0.014	-0.674	-0.736	-0.061	10080.1.3	
13:23:48.254	WT901BLE67(C1:7D:B8:9B:C4:D7)	0.003	0.056	-1.026	5.615	4.089	1.831	178.462	-1.307	96.608	21.707	0.227	36.787	23.860	-0.006	-0.664	-0.747	-0.019	10080.1.3	
13:23:48.359	WT901BLE67(C1:7D:B8:9B:C4:D7)	-0.024	0.048	-0.990	-0.122	10.010	11.963	178.561	-2.159	95.850	20.807	0.96	37.16	23.860	-0.006	-0.664	-0.747	-0.019	10080.1.3	
13:23:48.454	WT901BLE67(C1:7D:B8:9B:C4:D7)	0.034	0.004	-0.984	4.333	6.409	5.493	178.753	-3.032	94.922	20.807	0.96	37.16	23.860	-0.006	-0.664	-0.747	-0.019	10080.1.3	
13:23:48.560	WT901BLE67(C1:7D:B8:9B:C4:D7)	0.102	0.052	-1.066	0.671	5.493	2.991	178.506	-2.867	94.340	20.807	0.96	37.16	23.860	0.009	-0.679	-0.734	-0.026	10080.1.3	
13:23:48.653	WT901BLE67(C1:7D:B8:9B:C4:D7)	0.023	0.065	-1.025	3.052	-21.179	-7.813	178.665	-1.862	94.537	21.167	0.553	37.053	23.860	0.009	-0.679	-0.734	-0.026	10080.1.3	
13:23:48.762	WT901BLE67(C1:7D:B8:9B:C4:D7)	-0.004	0.087	-0.978	6.714	-7.019	-10.620	178.956	-0.538	95.971	21.167	0.553	37.053	23.860	0.009	-0.679	-0.734	-0.026	10080.1.3	
13:23:48.853	WT901BLE67(C1:7D:B8:9B:C4:D7)	0.009	0.016	-1.008	1.465	-6.897	-10.742	179.236	-0.082	97.114	21.167	0.553	37.053	23.860	-0.004	-0.666	-0.746	-0.008	10080.1.3	
13:23:48.966	WT901BLE67(C1:7D:B8:9B:C4:D7)	0.070	-0.014	-0.979	4.639	1.648	-7.629	179.841	-0.434	98.036	22.013	2.793	36.273	23.860	-0.004	-0.666	-0.746	-0.008	10080.1.3	
13:23:49.101	WT901BLE67(C1:7D:B8:9B:C4:D7)	0.007	-0.023	-0.978	-1.099	-7.935	-28.564	179.967	0.049	99.525	22.013	2.793	36.273	23.860	-0.003	-0.634	-0.774	0.001	10080.1.3	
13:23:49.192	WT901BLE67(C1:7D:B8:9B:C4:D7)	-0.104	-0.044	-0.958	4.639	-2.808	-43.091	-179.852	0.308	102.821	22.013	2.793	36.273	23.860	-0.003	-0.634	-0.774	0.001	10080.1.3	
13:23:49.281	WT901BLE67(C1:7D:B8:9B:C4:D7)	-0.139	-0.021	-0.992	14.099	-5.554	-62.622	-179.083	0.895	108.248	21.433	6.273	35.653	23.860	-0.003	-0.634	-0.774	0.001	10080.1.3	
13:23:49.372	WT901BLE67(C1:7D:B8:9B:C4:D7)	-0.066	-0.072	-1.079	4.456	-15.320	-35.217	-177.698	1.972	112.901	21.433	6.273	35.653	23.860	-0.003	-0.634	-0.774	0.001	10080.1.3	
13:23:49.467	WT901BLE67(C1:7D:B8:9B:C4:D7)	-0.043	-0.091	-1.076	-10.132	3.540	-13.550	-177.863	2.769	115.137	21.433	6.273	35.653	23.860	-0.011	-0.539	-0.842	0.030	10080.1.3	
13:23:49.595	WT901BLE67(C1:7D:B8:9B:C4:D7)	-0.051	-0.051	-0.989	-15.320	11.230	-7.507	-179.209	2.236	115.966	19.987	9.667	35.333	23.860	-0.011	-0.539	-0.842	0.030	10080.1.3	
13:23:49.642	WT901BLE67(C1:7D:B8:9B:C4:D7)	0.007	-0.018	-0.945	-0.122	5.005	-5.127	-179.984	1.423	116.411	19.987	9.667	35.333	23.860	-0.011	-0.539	-0.842	0.030	10080.1.3	
13:23:49.778	WT901BLE67(C1:7D:B8:9B:C4:D7)	-0.012	-0.065	-1.006	9.338	3.784	-10.925	-179.209	0.901	116.911	19.987	9.667	35.333	23.860	-0.003	-0.522	-0.853	0.010	10080.1.3	
13:23:49.842	WT901BLE67(C1:7D:B8:9B:C4:D7)	-0.026	-0.032	-1.043	-3.723	-2.441	-23.926	-178.577	0.862	118.740	19.987	9.667	35.333	23.860	-0.003	-0.522	-0.853	0.010	10080.1.3	
13:23:49.978	WT901BLE67(C1:7D:B8:9B:C4:D7)	-0.051	-0.017	-0.930	-1.587	-1.099	-19.531	-178.792	0.742	120.872	18.033	10.82	35.873	23.860	-0.003	-0.522	-0.853	0.010	10080.1.3	
13:23:50.064	WT901BLE67(C1:7D:B8:9B:C4:D7)	-0.129	-0.077	-0.922	12.085	-38.147	0.671	-177.369	2.021	121.981	18.033	10.82	35.873	23.860	-0.003	-0.522	-0.853	0.010	10080.1.3	
13:23:50.179	WT901BLE67(C1:7D:B8:9B:C4:D7)	-0.262	-0.098	-1.045	16.357	-46.875	-11.841	-175.902	6.954	123.074	18.033	10.82	35.873	23.860	-0.003	-0.522	-0.853	0.010	10080.1.3	
13:23:50.248	WT901BLE67(C1:7D:B8:9B:C4:D7)	-0.030	-0.178	-1.318	-4.761	50.293	-34.119	-172.914	3.999	125.217	18.033	10.82	35.873	23.860	-0.003	-0.522	-0.853	0.010	10080.1.3	
13:23:50.383	WT901BLE67(C1:7D:B8:9B:C4:D7)	0.311	-0.105	-1.135	-40.833	67.871	-21.240	-176.578	-1.912	127.557	18.033	10.82	35.873	23.860	0.013	-0.448	-0.893	0.038	10080.1.3	
13:23:50.463	WT901BLE67(C1:7D:B8:9B:C4:D7)	0.419	0.125	-0.712	-31.860	-15.503	-41.321	178.824	-2.741	131.155	18.033	10.82	35.873	23.860	0.013	-0.448	-0.893	0.038	10080.1.3	
13:23:50.585	WT901BLE67(C1:7D:B8:9B:C4:D7)	-0.363	0.128	-0.613	19.348	-40.222	-64.697	178.764	-0.401	136.110	18.033	10.82	35.873	23.860	0.013	-0.448	-0.893	0.038	10080.1.3	
13:23:50.662	WT901BLE67(C1:7D:B8:9B:C4:D7)	-0.393	-0.122	-1.108	21.423	-20.996	-51.392	-178.632	1.730	142.526	18.033	10.82	35.873	23.860	0.013	-0.448	-0.893	0.038	10080.1.3	
13:23:50.787	WT901BLE67(C1:7D:B8:9B:C4:D7)	-0.564	-0.275	-1.282	0.183	23.071	-11.292	-177.479	1.917	145.805	10.54	17.767	35.24	23.860	0.013	-0.448	-0.893	0.038	10080.1.3	
13:23:50.861	WT901BLE67(C1:7D:B8:9B:C4:D7)	-1.980	-0.494	-1.279	21.545	0.610	55.176	-176.446	0.709	145.443	10.54	17.767	35.24	23.860	0.013	-0.448	-0.893	0.038	10080.1.3	
13:23:50.990	WT901BLE67(C1:7D:B8:9B:C4:D7)	-1.335	-0.556	-1.498	15.015	-54.932	256.104	-175.161	5.570	138.203	10.54	17.767	35.24	23.860	-0.008	-0.311	-0.949	0.043	10080.1.3	
13:23:51.060	WT901BLE67(C1:7D:B8:9B:C4:D7)	0.131	-1.378	-0.076	-16.846	198.364	664.734	179.440	3.922	95.433	10.54	17.767	35.24	23.860	-0.008	-0.311	-0.949	0.043	10080.1.3	
13:23:51.194	WT901BLE67(C1:7D:B8:9B:C4:D7)	0.176	-0.180	-0.136	-109.009	66.528	797.485	-178.088	-9.064	15.128	17.453	-9.78	35.547	23.860	-0.008	-0.311	-0.949	0.043	10080.1.3	
13:23:51.261	WT901BLE67(C1:7D:B8:9B:C4:D7)	0.167	-0.122	-0.214	-107.300	-62.866	796.814	-178.017	-2.087	-65.061	17.453	-9.78	35.547	23.860	-0.008	-0.311	-0.949	0.043	10080.1.3	
13:23:51.418	WT901BLE67(C1:7D:B8:9B:C4:D7)	0.132	-0.099	-0.357	19.958	-74.341	795.654	176.094	5.279	-141.691	17.453	-9.78	35.547	23.860	-0.008	-0.311	-0.949	0.043	10080.1.3	
13:23:51.464	WT901BLE67(C1:7D:B8:9B:C4:D7)	0.140	-0.115	-0.592	116.211	6.409	793.945	178.231	2.390	138.285	17.453	-9.78	35.547	23.860	-0.008	-0.311	-0.949	0.043	10080.1.3	
13:23:51.575	WT901BLE67(C1:7D:B8:9B:C4:D7)	0.175	-0.107	-0.651	60.852	38.696	792.786	-173.749	2.214	58.030	17.453	-9.78	35.547	23.860	-0.035	0.856	0.513	-0.043	10080.1.3	
13:23:51.665	WT901BLE67(C1:7D:B8:9B:C4:D7)	0.182	-0.103	-0.745	-57.495	34.607	791.626	-179.050	3.928	-20.187	17.453	-9.78	35.547	23.860	-0.035	0.856	0.513	-0.043	10080.1.3	
13:23:51.778	WT901BLE67(C1:7D:B8:9B:C4:D7)	-0.286	-0.138	-0.814	-85.449	-0.305	790.100	172.518	-4.070	-96.213	17.453	-9.78	35.547	23.860	-0.035	0.856	0.513	-0.043	10080.1.3	
13:23:51.868	WT901BLE67(C1:7D:B8:9B:C4:D7)	0.405	-0.137	-3.085	29.907	56.091	678.894	175.320	-1.813	-166.954	17.453	-9.78	35.547	23.850	-0.035	0.856	0.513	-0.043	10080.1.3	
13:23:51.982	WT901BLE67(C1:7D:B8:9B:C4:D7)	0.290	0.014	-2.104	-12.207	19.470	660.522	176.743	-3.060	128.167	15.6	9.46	32.707	23.850	-0.035	0.856	0.513	-0.043	10080.1.3	
13:23:52.093	WT901BLE67(C1:7D:B8:9B:C4:D7)	0.054	-0.325	-1.262	2.319	5.676	624.207	-178.429	-4.757	63.935	15.6	9.46	32.707	23.850	-0.035	0.856	0.513	-0.043	10080.1.3	
13:23:52.183	WT901BLE67(C1:7D:B8:9B:C4:D7)	-0.070	-0.279	-0.848	0.732	-13.428	550.537	-174.891	-1.258	6.356	15.6	9.46	32.707	23.850	0.039	-0.962	-0.270	-0.018	10080.1.3	
13:23:52.274	WT901BLE67(C1:7D:B8:9B:C4:D7)	-0.102	0.011	0.104	29.480	1.221	466.919	-174.787	2.532	-43.748	15.6	9.46	32.707	23.850	0.039	-0.962	-0.270	-0.018	10080.1.3	
13:23:52.387	WT901BLE67(C1:7D:B8:9B:C4:D7)	-1.541	0.150	-0.874	2.502	9.705	461.243	-178.632	6.564	-89.280	-27.107	-17.4	25.233	23.850	0.039	-0.962	-0.270	-0.018	10080.1.3	
13:23:52.476	WT901BLE67(C1:7D:B8:9B:C4:D7)	0.230	1.192	-1.020	-1.038	-1.465	363.403	176.215	5.806	-131.572	-27.107	-17.4	25.233	23.850	0.029	-0.317	0.946	0.061	10080.1.3	
13:23:52.588	WT901BLE67(C1:7D:B8:9B:C4:D7)	0.204	-0.085	-1.061	1.465	0.793	250.793	172.266	3.697	-161.669	-3.793	27.36	25.693	23.850	0.029	-0.317	0.946	0.061	10080.1.3	
13:23:52.678	WT901BLE67(C1:7D:B8:9B:C4:D7)	0.228	-0.122	-0.968	-0.610	1.770	145.752	171.200	0.775	178.105	-3.793	27.36	25.693	23.850	0.029	-0.317	0.946	0.061	10080.1.3	
13:23:52.790	WT901BLE67(C1:7D:B8:9B:C4:D7)	0.017	-0.102	-0.940	2.197	-5.920	58.960	171.700	-1.115	167.283	-3.793	27.36	25.693	23.850	0.003	0.082	0.994	0.075	10080.1.3	
13:23:52.880	WT901BLE67(C1:7D:B8:9B:C4:D7)	0.004	0.001	-0.999	0.122	-0.671	0.427	172.310	-2.049	163.499	-3.793	27.36	25.693	23.850	0.003	0.082	0.994	0.075	10080.1.3	
13:23:52.995	WT901BLE67(C1:7D:B8:9B:C4:D7)	0.004	-0.004	-1.002	0.000	-0.122	0.000	172.760	-2.335	162.427	17.12	27.82	25.213	23.850	0.003	0.082	0.994	0.075	10080.1.3	
13:23:53.084	WT901BLE67(C1:7D:B8:9B:C4:D7)	0.005	-0.003	-1.003	-0.061	0.000	0.000	173.199	-2.384	161.499	17.12	27.82	25.213	23.850	-0.010	0.164	0.984	0.061	10080.1.3	
13:23:53.242	WT901BLE67(C1:7D:B8:9B:C4:D7)	0.005	-0.003	-1.003	-0.061	0.061	0.000	173.622	-2.357	160.664	17.38	27.807	25.253	23.850	-0.010	0.164	0.984	0.061	10080.1.3	
13:23:53.310	WT901BLE67(C1:7D:B8:9B:C4:D7)	0.004	-0.003	-1.002	-0.061	0.000	0.000	174.012	-2.296	159.901	17.38	27.807	25.253	23.850	-0.010	0.164	0.984	0.061	10080.1.3	
13:23:53.444	WT901BLE67(C1:7D:B8:9B:C4:D7)	0.005	-0.004	-1.002	-0.061	0.000	0.000	174.380	-2.225	159.186	17.38	27.807	25.253	23.850	-0.010	0.164	0.984	0.061	10080.1.3	
13:23:53.488	WT901BLE67(C1:7D:B8:9B:C4:D7)	0.005	-0.003	-1.003	-0.061	0.000	0.000	174.732	-2.153	158.511	17.38	27.807	25.253	23.850	-0.010	0.164	0.984	0.061	10080.1.3	
13:23:53.623	WT901BLE67(C1:7D:B8:9B:C4:D7)	0.005	-0.003	-1.003	-0.061	0.000	0.000	175.056	-2.076	157.879	17.38	27.807	25.253	23.850	-0.010	0.164	0.984	0.061	10080.1.3	
13:23:53.691	WT901BLE67(C1:7D:B8:9B:C4:D7)	0.004	-0.003	-1.003	-0.061	0.000	0.000	175.364	-2.000	157.280	17.38	27.807	25.253	23.850	-0.008	0.199	0.979	0.043	10080.1.3	
13:23:53.804	WT901BLE67(C1:7D:B8:9B:C4:D7)	0.005	-0.003	-1.003	-0.061	0.000	0.000	175.655	-1.928	156.714	17.407	27.807	25.227	23.850	-0.008	0.199	0.979	0.043	10080.1.3	
13:23:53.870	WT901BLE67(C1:7D:B8:9B:C4:D7)	0.004	-0.003	-1.004	-0.061	0.000	0.000	175.924	-1.857	156.182	17.407	27.807	25.227	23.850	-0.008	0.199	0.979	0.043	10080.1.3	
13:23:54.005	WT901BLE67(C1:7D:B8:9B:C4:D7)	0.005	-0.003	-1.003	-0.061	0.000	0.000	176.177	-1.785	155.687	17.407	27.807	25.227	23.850	-0.007	0.209	0.977	0.037	10080.1.3	
13:23:54.072	WT901BLE67(C1:7D:B8:9B:C4:D7)	0.004	-0.003	-1.004	-0.061	0.000	0.000	176.418	-1.719	155.226	17.407	27.807	25.227	23.850	-0.007	0.209	0.977	0.037	10080.1.3	
13:23:54.208	WT901BLE67(C1:7D:B8:9B:C4:D7)	0.005	-0.002	-1.003	-0.061	0.000	0.000	176.644	-1.653	154.786	17.433	27.8	25.32	23.850	-0.007	0.209	0.977	0.037	10080.1.3	
13:23:54.276	WT901BLE67(C1:7D:B8:9B:C4:D7)	0.005	-0.003	-1.003	-0.061	0.000	0.000	176.852	-1.593	154.374	17.433	27.8	25.32	23.850	-0.007	0.224	0.974	0.029	10080.1.3	
13:23:54.433	WT901BLE67(C1:7D:B8:9B:C4:D7)	0.004	-0.003	-1.004	-0.061	0.000	0.000	177.050	-1.533	153.984	17.453	27.827	25.427	23.850	-0.007	0.224	0.974	0.029	10080.1.3	
13:23:54.478	WT901BLE67(C1:7D:B8:9B:C4:D7)	0.005	-0.003	-1.003	-0.061	0.000	0.000	177.237	-1.472	153.616	17.453	27.827	25.427	23.850	-0.007	0.224	0.974	0.029	10080.1.3	
13:23:54.613	WT901BLE67(C1:7D:B8:9B:C4:D7)	0.005	-0.002	-1.003	-0.061	0.000	0.000	177.413	-1.417	153.276	17.453	27.827	25.427	23.850	-0.006	0.231	0.973	0.026	10080.1.3	
13:23:54.681	WT901BLE67(C1:7D:B8:9B:C4:D7)	0.004	-0.003	-1.003	-0.061	0.000	0.000	177.578	-1.368	152.952	17.453	27.827	25.427	23.850	-0.006	0.231	0.973	0.026	10080.1.3	
